4.4903 7.23471 3.27921 9.48667 6.54593 1.19703 7.99283 6.11261 8.97128 1.45372 
7.23471 2.62637 7.1589 4.3367 5.91081 8.36891 9.62875 3.4147 2.74215 4.51276 
3.27921 7.1589 4.54984 3.36953 4.21472 1.56214 6.34131 6.918 1.07565 6.77601 
9.48667 4.3367 3.36953 5.01584 5.48538 5.92352 6.83175 3.28893 8.11059 9.6665 
6.54593 5.91081 4.21472 5.48538 3.38878 1.84255 1.12138 5.34177 3.68776 5.70748 
1.19703 8.36891 1.56214 5.92352 1.84255 1.04471 1.87405 1.47697 8.47359 3.91033 
7.99283 9.62875 6.34131 6.83175 1.12138 1.87405 4.22894 2.55675 9.95729 1.17302 
6.11261 3.4147 6.918 3.28893 5.34177 1.47697 2.55675 4.77362 4.91609 8.44099 
8.97128 2.74215 1.07565 8.11059 3.68776 8.47359 9.95729 4.91609 3.61746 4.0987 
1.45372 4.51276 6.77601 9.6665 5.70748 3.91033 1.17302 8.44099 4.0987 7.90561 
