0.239305 -0.102199 0.12419 -0.147251 -0.165544 -0.181221 0.19497 0.206978 -0.217253 -0.225734 -0.232337 -0.236981 0.23959 -0.240104 0.238481 0.234701 0.228763 0.220695 0.210546 0.198398 0.184363 -0.168589 0.151268 -0.132645 -0.113032 -0.092836 -0.0725866 -0.0529889 0.0349731 0.0197119 -0.00847968 0.00211831 
0.3561 -0.145123 0.171713 -0.195238 -0.20704 -0.209932 0.204789 0.191997 -0.171938 -0.145164 -0.112447 -0.0747947 0.0334287 0.0102463 -0.054689 -0.098274 -0.139352 -0.176313 -0.207651 -0.232032 -0.248352 0.255809 -0.253953 0.242753 0.22266 0.194677 0.160451 0.122377 -0.083707 -0.0485347 0.0213345 -0.00541404 
0.397424 -0.147413 0.164747 -0.170183 -0.155505 -0.12495 0.0815695 0.0287203 0.029596 0.0888327 0.144181 0.190936 -0.224897 0.24274 -0.242347 -0.223034 -0.185682 -0.132732 -0.0680447 0.0033599 0.075684 -0.142821 0.198889 -0.238792 -0.258784 -0.257 -0.23395 -0.192925 0.140265 0.0852301 -0.0387967 0.0100948 
0.39426 -0.123168 0.121976 -0.0984781 -0.0496464 0.015205 -0.0864834 -0.153867 0.2072 0.237823 0.2399 0.211431 -0.154766 0.0764909 0.0133257 0.102449 0.178188 0.22926 0.247543 0.229446 0.176673 -0.096227 -0.000392421 0.098744 0.183599 0.241453 0.26311 0.24601 -0.195906 -0.127227 0.0607575 -0.0163487 
0.366677 -0.0829122 0.0587944 -0.00470247 0.0710729 0.149407 -0.211326 -0.24069 0.227626 0.171126 0.0798821 -0.029061 0.133658 -0.211584 0.245287 0.226238 0.157323 0.0527432 -0.0647005 -0.168453 -0.234175 0.24553 -0.198407 0.102516 -0.0202649 -0.140674 -0.229248 -0.264525 0.240472 0.170777 -0.0867257 0.0243326 
0.327382 -0.034365 -0.0124612 0.089986 0.17265 0.229588 -0.236922 -0.184933 0.0822084 -0.0456352 -0.162895 -0.234553 0.237571 -0.169022 0.0481624 -0.0885854 -0.198507 -0.24608 -0.214788 -0.113294 0.0263771 -0.158474 0.238248 -0.23715 -0.153407 -0.0139824 0.133597 0.237933 -0.264229 -0.211288 0.115812 -0.0341617 
0.284179 0.0169313 -0.0822547 0.169006 0.231179 0.231349 -0.155989 -0.0233232 -0.12146 -0.223291 -0.240168 -0.162244 0.0182742 0.134286 -0.232251 -0.233438 -0.135655 0.0208101 0.169142 0.244306 0.211832 -0.0843052 -0.0824468 0.212919 0.245754 0.163004 0.000733645 -0.166011 0.259836 0.243814 -0.146747 0.0458978 
0.241643 0.0671151 -0.143572 0.221014 0.235369 0.157393 -0.00714603 0.151303 -0.2408 -0.212793 -0.0768571 0.0999065 -0.225623 0.232352 -0.114345 0.0662768 0.211376 0.240157 0.134959 -0.0467856 -0.202791 0.243038 -0.142236 -0.0430111 -0.204312 -0.244007 -0.134841 0.0600884 -0.224051 -0.263641 0.177927 -0.0595407 
0.202263 0.113608 -0.191634 0.240065 0.186757 0.0336122 0.144731 0.243109 -0.195533 -0.025268 0.162621 0.246227 -0.168206 -0.0222162 0.198441 0.240482 0.117867 -0.0865891 -0.231392 -0.214151 -0.04512 -0.156875 0.246562 -0.156785 0.0494521 0.220576 0.226538 0.0587843 0.158795 0.266913 -0.207497 0.075019 
0.16721 0.154799 -0.223598 0.225319 0.0978049 -0.100529 0.236357 0.203867 -0.0182337 0.183068 0.242294 0.109127 0.112444 -0.243253 0.174674 -0.0387144 -0.220313 -0.217162 -0.0301572 0.183027 0.239507 -0.0886701 -0.1402 0.246324 0.133272 -0.100902 -0.245094 -0.164498 -0.0713289 -0.2512 0.233462 -0.0921847 
0.136849 0.189798 -0.238272 0.180354 -0.0116212 -0.204354 0.231161 0.0560899 0.171257 0.241851 0.0854839 -0.152856 0.244615 -0.0987597 -0.144174 -0.245178 -0.102632 0.142812 0.244849 0.0989306 -0.148183 0.243537 -0.0868984 -0.160999 -0.240015 -0.0634721 0.182886 0.232292 -0.0265892 0.215945 -0.253814 0.110809 
0.111075 0.218241 -0.235819 0.112184 -0.118678 -0.247667 0.132535 -0.121242 0.247182 0.10438 -0.154294 -0.240747 0.0551121 0.193599 -0.220252 0.00764195 0.22685 0.180966 -0.0777718 -0.244767 -0.120719 -0.148023 0.238688 -0.0394978 0.208612 0.199382 -0.0594135 -0.24527 0.120466 -0.162712 0.266678 -0.130584 
0.0895282 0.240137 -0.217488 0.0300905 -0.202078 -0.218768 -0.0190579 -0.23524 0.160319 -0.117318 -0.245021 -0.0555382 -0.206614 0.196977 0.073544 0.246181 0.0892131 -0.187855 -0.210921 0.0527091 0.244406 -0.100346 -0.18254 0.21156 -0.0561885 -0.244972 -0.0842309 0.199257 -0.195486 0.0951947 -0.270464 0.151119 
0.0717335 0.255753 -0.18535 -0.0556223 -0.245973 -0.126925 -0.163108 -0.227257 -0.031511 -0.244801 -0.099996 0.192458 -0.198372 -0.0929095 0.244119 0.0256234 -0.231784 -0.134932 0.168975 0.212315 -0.0731544 0.244707 -0.0333345 -0.230507 -0.129047 0.178649 0.198953 -0.104551 0.239154 -0.0189532 0.264003 -0.171953 
0.0571814 0.265524 -0.142057 -0.134829 -0.242594 0.00101949 -0.243138 -0.102182 -0.202813 -0.176496 0.140912 0.223508 0.0684142 -0.244776 0.00648323 -0.242634 -0.0771578 0.220476 0.138412 -0.182727 -0.186619 -0.134625 0.219931 0.0818656 0.238498 -0.030123 -0.244704 -0.0160473 -0.243678 -0.0590877 -0.246667 0.192561 
0.0453775 0.269984 -0.0906187 -0.198649 -0.193283 0.128677 -0.228433 0.0752487 -0.242575 0.0324618 0.247106 0.00324837 0.246229 -0.0337194 -0.241975 -0.0599027 0.235577 0.08226 -0.227974 -0.100938 0.220039 -0.115824 -0.21273 0.126529 -0.207206 -0.13235 0.204924 0.132626 0.207621 0.13135 0.218468 -0.212366 
0.035868 0.269721 -0.0342119 -0.240297 -0.10786 0.220424 -0.125293 0.214312 -0.125614 0.215632 0.11768 -0.220655 0.104445 0.227248 -0.087104 0.234021 0.0661674 -0.239922 -0.0418079 0.243999 0.0139786 0.245219 0.0175458 -0.242254 0.0531206 0.233215 -0.0930057 -0.215647 -0.136469 -0.190439 -0.180101 0.230753 
0.0282511 0.265332 0.0239953 -0.255654 -0.00252175 0.251145 0.026076 0.244574 0.0722269 0.227974 -0.123697 -0.197496 -0.172676 0.15235 0.212762 0.0940664 -0.238518 -0.0260717 0.245598 -0.0466382 -0.230976 -0.117784 0.193182 0.180018 0.132563 -0.225005 -0.0518584 0.24363 0.0419489 0.230007 0.132953 -0.247092 
0.0221804 0.257407 0.0809868 -0.24354 0.103277 0.212825 0.167459 0.151151 0.223704 0.0601589 -0.247642 0.0464083 -0.226387 -0.147418 0.158878 -0.220104 -0.0560336 0.245977 -0.0612414 -0.215883 0.16628 -0.133243 -0.232395 0.0148131 -0.239134 0.111118 0.178251 -0.208955 0.0598372 -0.245549 -0.0790637 0.260752 
0.0173624 0.246501 0.134017 -0.205686 0.190391 0.116373 0.245004 -0.018446 0.231975 -0.155092 -0.136922 0.238523 0.012406 -0.229854 -0.158886 -0.127016 0.2408 -0.0306209 -0.220009 0.176407 0.1015 0.244223 0.0648714 -0.198708 0.202574 0.0551512 -0.240839 0.120172 -0.151155 0.235009 0.0210262 -0.271128 
0.0135525 0.23313 0.180704 -0.146416 0.243361 -0.0116828 0.229536 -0.178776 0.0921116 -0.248297 0.103328 0.164831 0.23519 0.0262098 -0.213007 0.200889 0.0466054 -0.238967 0.152821 0.110122 -0.245154 -0.0981226 0.160464 0.235579 -0.0444455 -0.195334 0.216839 -8.22679e-05 0.215788 -0.199137 0.0381476 0.277662 
0.0105488 0.217762 0.219097 -0.0721115 0.253035 -0.136582 0.127256 -0.249548 -0.106441 -0.146466 0.245976 -0.0923104 0.154803 0.243713 0.0860151 0.157694 -0.242559 0.0849792 0.156616 -0.242271 0.088656 -0.151407 -0.242569 -0.0978088 -0.140419 0.242846 -0.114569 -0.120029 -0.242019 0.141514 -0.0952053 -0.279864 
0.00818644 0.200811 0.247717 0.00950464 0.21802 -0.224763 -0.0229885 -0.195632 -0.237313 0.0702229 0.156597 -0.246834 -0.124931 0.102971 0.242545 -0.176603 -0.03777 0.219747 -0.217585 0.0344647 0.176502 0.241145 0.107842 -0.112596 0.240633 -0.174831 -0.029203 0.208543 0.224866 -0.0682506 0.146858 0.277336 
0.00633138 0.182637 0.265581 0.0901684 0.14476 -0.252784 -0.164596 -0.0441991 -0.21757 0.231927 -0.0803123 -0.127255 -0.243934 -0.189011 -0.00243625 -0.185101 0.24389 -0.13442 -0.0668968 0.221743 -0.225123 -0.0760999 0.123413 0.239251 -0.195496 0.0234367 0.162362 -0.241911 -0.167136 -0.0126368 -0.19 -0.269792 
0.00487558 0.16355 0.272203 0.161895 0.0462628 -0.213422 -0.244539 0.129217 -0.0599792 0.212282 -0.241646 0.133498 -0.0493656 -0.203586 -0.243387 0.147676 0.0294404 -0.189651 0.245097 -0.166297 -0.0026878 -0.169432 -0.244069 -0.187688 0.0320609 0.13916 -0.236336 0.211047 0.0790657 0.0920989 0.221923 0.257075 
0.00373212 0.14381 0.267575 0.217737 -0.0602536 -0.117381 -0.233113 0.238492 0.135553 0.0268611 -0.175829 0.246285 0.208611 0.0804332 -0.0819408 0.208328 -0.244866 0.176693 -0.0336546 -0.123041 0.227195 0.235596 0.145753 -0.00387132 0.150807 -0.235099 0.223922 -0.123935 0.023437 -0.161081 -0.240521 -0.239172 
0.00283119 0.123627 0.252135 0.252416 -0.156381 0.0097242 -0.134803 0.229604 0.245463 -0.179511 0.0551087 0.08632 0.198825 0.246557 0.214905 -0.114718 -0.0215483 0.150429 -0.231321 0.239212 -0.17229 -0.0521292 0.083463 0.192539 -0.242129 0.21821 -0.129453 0.00367726 -0.12164 0.211583 0.244455 0.216224 
0.00211665 0.10317 0.226721 0.262778 -0.225681 0.134264 0.0136348 0.107153 0.200534 -0.246019 0.234341 -0.169167 -0.0659937 0.0515004 0.156826 -0.226574 0.245542 -0.209956 0.128143 -0.018512 -0.0946512 -0.186616 -0.23765 -0.23725 0.186261 -0.0964117 -0.0125656 0.117567 0.197423 -0.237633 -0.233277 -0.188529 
0.00154316 0.0825656 0.19252 0.248033 -0.256441 0.223493 0.157013 -0.0682117 0.0292667 -0.121037 0.193891 -0.237587 -0.246215 -0.218958 -0.160133 0.0784997 0.0140391 -0.10417 0.179079 -0.228272 0.245031 0.227321 0.178013 0.104386 -0.0170177 -0.0718157 0.149958 -0.207175 -0.236663 0.23603 0.207492 0.156547 
0.00107363 0.0619043 0.151 0.209773 -0.2436 0.254109 0.242246 -0.209943 -0.160417 0.098065 -0.0281778 -0.0434555 -0.110994 -0.169001 -0.21287 0.239181 -0.245961 0.232831 -0.201018 0.153242 -0.0934777 -0.0266211 0.0419217 0.106685 -0.162597 0.205406 -0.232041 0.240881 0.23192 -0.206787 -0.168562 -0.120888 
0.000677177 0.0412432 0.103842 0.151769 -0.189509 0.218258 0.237935 -0.248302 -0.249266 0.240978 -0.223872 0.198667 0.166352 0.12815 0.0854844 -0.0399247 -0.00686858 0.053203 -0.0974153 0.137932 -0.173325 -0.202368 -0.224077 -0.237753 0.243008 -0.239786 0.228378 -0.209424 -0.183916 0.153185 0.118836 0.0823071 
0.000327248 0.0206087 0.052875 0.0795798 -0.103448 0.125459 0.145828 -0.164562 -0.181592 0.196825 -0.210162 0.221513 0.230795 0.237942 0.242903 -0.245645 0.246157 -0.244443 0.24053 -0.234467 0.226321 0.216181 0.204156 0.190377 -0.174998 0.158196 -0.140176 0.121178 0.101487 -0.08144 -0.0614235 -0.0416834 
