0.550725 -0.262227 -0.0159581 0.0761352 0.0678892 0.242461 0.216111 0.592513 0.266154 0.299796 
-0.197227 0.586833 -0.302854 0.0733579 -0.242703 -0.240306 0.466635 0.0979347 0.286302 0.306049 
-0.550102 -0.0903895 -0.239976 -0.296438 -0.0124077 0.574968 -0.015817 0.249024 -0.263615 0.285053 
0.0281291 -0.302551 -0.460823 0.620001 -0.180362 -0.169208 -0.145622 -0.104008 -0.353896 0.304113 
0.191351 0.076855 -0.0119675 -0.288134 -0.677708 0.0187611 -0.575211 -0.0219071 0.210021 0.198033 
-0.425262 -0.118986 0.430119 0.325038 0.219016 -0.0719852 -0.279156 0.00296301 0.465145 0.408529 
-0.0988093 -0.303502 0.353653 -0.343975 -0.17736 -0.561152 0.239273 0.194243 -0.364668 0.283585 
0.115064 -0.335102 -0.337216 -0.40412 0.25126 -0.0545752 0.145003 -0.56622 0.30157 0.314251 
0.23765 0.21178 0.455677 0.148263 -0.155509 0.413387 0.261619 -0.441019 -0.277825 0.365851 
0.239701 0.466728 -0.08066 -0.155755 0.527043 -0.173071 -0.398214 0.114822 -0.301454 0.351543 
