0.528343 0.109884 -0.0563833 -0.0184859 -0.0542527 -0.271806 -0.582152 0.297943 -0.274926 -0.353809 
0.382865 -0.23444 0.248063 0.280253 0.287037 -0.0585682 0.636043 0.167404 -0.151564 -0.342065 
-0.213532 -0.0540743 -0.134351 -0.636175 0.263045 0.12859 0.0843636 -0.222951 -0.516744 -0.345158 
0.0993056 -0.438705 -0.37916 -0.289239 -0.0330974 0.18621 -0.00467286 0.22351 0.612595 -0.330506 
-0.363006 -0.433135 -0.0596721 0.508879 0.277475 -0.139103 -0.358185 -0.327723 -0.0312631 -0.291692 
-0.0290959 0.0549171 0.542512 -0.26206 -0.296083 -0.42843 0.0289562 -0.374986 0.324023 -0.339824 
0.115145 0.548944 0.14559 0.0686619 0.528417 0.406334 -0.152976 -0.162371 0.338419 -0.225533 
-0.393425 -0.0346346 0.453986 0.0804192 -0.293814 0.455605 -0.120982 0.47718 -0.123913 -0.282581 
0.185678 0.166027 -0.328198 0.277859 -0.560488 0.343807 0.150595 -0.425633 -0.131678 -0.315448 
-0.42857 0.465673 -0.374939 0.129295 0.00474861 -0.421536 0.244044 0.316697 0.0771893 -0.31409 
