-0.0476624 -0.507516 0.601161 0.213679 -0.0342584 0.1402 0.00722938 0.38599 0.151372 0.374591 
-0.274546 0.0857679 -0.198292 -0.113173 -0.688771 0.383257 -0.282513 0.0196397 -0.227255 0.33467 
-0.543609 -0.144308 -0.217439 0.228161 0.533186 -0.0941835 -0.406293 -0.0822142 -0.254541 0.233551 
0.288216 0.157879 0.276129 -0.481042 0.0960363 -0.383426 -0.110215 0.0499021 -0.51042 0.39109 
0.216158 0.192381 -0.447955 0.0817841 0.279825 0.301232 0.362426 0.531781 -0.0716818 0.347257 
-0.398026 0.537484 0.187328 -0.108649 0.0395549 -0.159051 0.189873 -0.106201 0.524195 0.396 
0.0585166 -0.421432 -0.141168 -0.574859 0.235726 0.372208 0.106467 -0.41238 0.22631 0.204611 
0.0531463 -0.39835 -0.45592 0.0517596 -0.294981 -0.641393 0.113901 0.0294684 0.216805 0.262118 
0.57616 0.163218 -0.0378538 0.352411 0.0522737 0.0937563 -0.507532 -0.275549 0.278885 0.304891 
0.0203967 -0.0222002 0.103816 0.426903 -0.0757006 0.053101 0.541859 -0.548137 -0.379744 0.243405 
