0.29245 0.226557 -0.147996 0.234911 0.00410159 0.582373 -0.360138 0.314937 0.360091 0.297211 
-0.260804 0.0521925 -0.413666 0.665608 0.110202 -0.274955 -0.147397 -0.204498 -0.226979 0.335103 
0.243684 -0.45925 0.0751316 0.10199 -0.222083 -0.0446901 0.117089 0.584703 -0.484937 0.267566 
0.323731 0.0669756 -0.525957 -0.435756 0.342776 -0.383778 0.154472 0.136522 0.17008 0.296632 
-0.291173 -0.356076 -0.121027 0.0692364 -0.0658863 0.325894 0.655617 -0.120102 0.360477 0.290235 
-0.236995 0.463075 0.277673 -0.0411534 -0.495133 -0.383261 0.0880132 0.236097 0.246808 0.366266 
-0.0596106 0.242733 0.523419 0.0967742 0.706295 0.0597776 0.223269 0.118674 -0.148992 0.256198 
-0.0745552 -0.533139 0.316622 -0.162971 0.0971046 -0.179228 -0.514044 -0.220439 0.278912 0.388868 
0.582541 0.148561 0.157924 0.0027556 -0.244459 0.0881196 0.16656 -0.600919 -0.222173 0.328475 
-0.439154 0.15523 -0.183837 -0.508997 -0.0590085 0.373365 -0.177738 -0.0673241 -0.463158 0.310888 
