0.332972 -0.00624921 0.212995 -0.312685 0.406253 0.178724 -0.0111046 0.66484 0.108872 0.308187 
0.381877 0.275444 -0.214069 0.251778 -0.301506 0.460077 0.224013 -0.137417 0.477935 0.262715 
-0.447203 -0.158722 0.295466 0.141892 -0.231043 0.195062 0.575699 0.156803 -0.264695 0.387135 
-0.0524591 0.162144 -0.497964 0.292061 0.0673295 -0.640382 0.164898 0.300126 0.0642247 0.318866 
0.152477 -0.15481 -0.537594 -0.562189 -0.0221703 0.12464 0.126172 -0.25712 -0.405076 0.292536 
0.536615 -0.403195 0.357734 0.158797 -0.301915 -0.350643 -0.157837 -0.169598 -0.130957 0.333705 
0.0470644 0.435181 0.216824 0.232649 0.57721 0.0262801 -0.0095816 -0.442888 -0.273657 0.319801 
-0.230011 0.544271 0.15637 -0.301305 -0.463744 -0.0762006 -0.454107 0.0886463 -0.0538879 0.312711 
-0.252742 -0.157947 0.176382 -0.405631 0.15849 -0.270812 0.163655 -0.354327 0.642519 0.227834 
-0.332196 -0.418946 -0.232343 0.287548 0.145413 0.299877 -0.563164 0.00341782 0.116956 0.368169 
