sqrt(2) = 1.41421
2^(1/5) = 1.1487
e^pi = 23.1407
pi^e = 22.4592
gamma(1) = 1
lngamma(1) = -1.09351e-08
gamma(2) = 1
lngamma(2) = -1.09351e-08
gamma(3) = 2
lngamma(3) = 0.693147
gamma(4) = 6
lngamma(4) = 1.79176
gamma(5) = 24
lngamma(5) = 3.17805
gamma(6) = 120
lngamma(6) = 4.78749
gamma(7) = 720
lngamma(7) = 6.57925
gamma(8) = 5040
lngamma(8) = 8.52516
gamma(9) = 40320
lngamma(9) = 10.6046
gamma(10) = 362880
lngamma(10) = 12.8018
